93
31769.00
2.00
15
24598.00
4.00
10
9932.00
1.00
3
31133.00
3.00
6
8701.00
1.00
1
1434.00
1.00
3
12157.00
2.00
5
22774.00
1.00
16
22326.00
2.00
9
13162.00
2.00
21
13718.00
4.00
8
5859.00
1.00
4
17060.00
3.00
14
28942.00
3.00
10
10832.00
0.00
9
7955.00
3.00
1
32481.00
2.00
22
15520.00
3.00
17
29843.00
0.00
8
26326.00
1.00
18
444.00
3.00
8
28854.00
3.00
7
16659.00
3.00
23
18979.00
2.00
3
23538.00
1.00
20
23440.00
2.00
7
8359.00
3.00
5
10221.00
0.00
3
19758.00
3.00
16
29570.00
1.00
14
4332.00
2.00
6
18855.00
4.00
0
26691.00
0.00
13
21667.00
1.00
4
19226.00
2.00
22
25109.00
3.00
6
17320.00
3.00
2
29622.00
1.00
15
29989.00
2.00
6
12117.00
1.00
9
29235.00
1.00
23
12888.00
3.00
18
4375.00
4.00
6
3117.00
3.00
13
16410.00
4.00
12
16490.00
4.00
5
18092.00
0.00
4
31893.00
0.00
3
28710.00
3.00
3
30401.00
1.00
5
25391.00
4.00
20
391.00
2.00
22
30008.00
1.00
20
5900.00
4.00
14
11155.00
3.00
0
16390.00
0.00
22
25601.00
2.00
8
7429.00
4.00
15
23765.00
3.00
18
18284.00
3.00
20
6397.00
0.00
0
3290.00
3.00
15
30352.00
3.00
0
759.00
1.00
22
20144.00
2.00
15
27357.00
4.00
6
11233.00
3.00
7
8854.00
3.00
13
8228.00
3.00
13
18538.00
2.00
15
5756.00
1.00
4
1776.00
4.00
21
13218.00
1.00
22
4633.00
3.00
11
2063.00
0.00
15
31926.00
3.00
11
2479.00
0.00
11
2853.00
2.00
0
5590.00
1.00
1
21289.00
2.00
5
11338.00
3.00
0
8731.00
2.00
4
14975.00
2.00
0
6637.00
3.00
22
14947.00
2.00
6
2757.00
3.00
4
10815.00
0.00
0
4624.00
2.00
0
2973.00
1.00
17
18776.00
1.00
17
13621.00
4.00
5
7765.00
2.00
14
26696.00
1.00
12
