46.418652
73.885315
14.944914
97.317421
55.754265
47.138889
72.850731
46.278267
73.857841
98.846397
96.765038
46.220284
32.596821
26.007874
67.793816
87.481308
10.040589
97.228920
21.799372
87.508774
28.696554
70.421463
58.708458
75.493637
64.116333
79.512924
44.947662
97.515793
91.988892
5.694754
62.190620
82.802818
51.817379
98.870811
5.529954
61.772514
55.333111
64.897614
84.151741
76.436661
17.755669
84.350105
27.707754
73.830376
40.031128
78.258614
51.460312
23.050631
20.178839
86.611526
83.352150
46.586506
21.845150
75.145729
6.088443
6.494339
78.234200
36.097294
17.438276
36.115604
59.498886
98.516800
61.751152
57.902767
81.737724
13.760796
35.950806
78.002258
85.711235
31.861324
23.038424
98.257393
63.429668
34.257027
56.257820
36.152225
60.695213
38.676105
67.067474
93.475143
33.753471
41.645557
20.001831
64.143806
88.189339
14.386425
87.612534
21.991638
78.124329
17.593922
68.507950
79.030731
93.963440
50.831631
1.754814
54.832607
16.669210
2.087466
80.651268
47.697380
